     0.00000000E+00   1.00010001E+00   0.00000000E+00  -2.86441052E-15  -4.41399625E-15  -1.02188921E-15   3.71184986E-16   0.00000000E+00
     1.00000000E+00   9.54701522E-01   2.52156214E-02   1.72744942E-02   8.24599848E-04   5.64259918E-04   2.97119759E-04   1.98079839E-04
     2.00000000E+00   9.11172631E-01   4.84089756E-02   3.33773759E-02   1.96162184E-03   1.34410459E-03   7.09586005E-04   4.73057337E-04
     3.00000000E+00   8.69364096E-01   6.96297035E-02   4.83141153E-02   3.36086047E-03   2.30672890E-03   1.22170943E-03   8.14472951E-04
     4.00000000E+00   8.29120118E-01   8.89114378E-02   6.20788557E-02   4.97126581E-03   3.41831296E-03   1.81683110E-03   1.21122073E-03
     5.00000000E+00   7.90278751E-01   1.06272301E-01   7.46546539E-02   6.74077755E-03   4.64391412E-03   2.47726688E-03   1.65151125E-03
     6.00000000E+00   7.52673266E-01   1.21716204E-01   8.60143718E-02   8.61636019E-03   5.94750333E-03   3.18433499E-03   2.12288999E-03
     7.00000000E+00   7.16134589E-01   1.35235080E-01   9.61223307E-02   1.05442776E-02   7.29217406E-03   3.91848396E-03   2.61232264E-03
     8.00000000E+00   6.80494877E-01   1.46812136E-01   1.04936795E-01   1.24706330E-02   8.64054327E-03   4.65953302E-03   3.10635535E-03
     9.00000000E+00   6.45592191E-01   1.56426111E-01   1.12413284E-01   1.43421815E-02   9.95535049E-03   5.38702942E-03   3.59135294E-03
     1.00000000E+01   6.11276100E-01   1.64056430E-01   1.18508639E-01   1.61073991E-02   1.12002443E-02   6.08071711E-03   4.05381141E-03
     1.10000000E+01   5.77413928E-01   1.69689055E-01   1.23185664E-01   1.77177668E-02   1.23407265E-02   6.72110051E-03   4.48073367E-03
     1.20000000E+01   5.43897230E-01   1.73322682E-01   1.26418101E-01   1.91291988E-02   1.33452043E-02   7.29007504E-03   4.86005003E-03
     1.30000000E+01   5.10648002E-01   1.74974902E-01   1.28195596E-01   2.03035241E-02   1.41860847E-02   7.77158647E-03   5.18105765E-03
     1.40000000E+01   4.77624044E-01   1.74687815E-01   1.28528282E-01   2.12099097E-02   1.48408304E-02   8.15227256E-03   5.43484837E-03
     1.50000000E+01   4.44822928E-01   1.72532631E-01   1.27450574E-01   2.18261060E-02   1.52928918E-02   8.42203686E-03   5.61469124E-03
     1.60000000E+01   4.12284044E-01   1.68612776E-01   1.25023809E-01   2.21393983E-02   1.55324296E-02   8.57450491E-03   5.71633660E-03
     1.70000000E+01   3.80088350E-01   1.63065134E-01   1.21337405E-01   2.21471626E-02   1.55567551E-02   8.60731881E-03   5.73821254E-03
     1.80000000E+01   3.48355595E-01   1.56059165E-01   1.16508345E-01   2.18569509E-02   1.53704313E-02   8.52223706E-03   5.68149138E-03
     1.90000000E+01   3.17239026E-01   1.47793841E-01   1.10678899E-01   2.12860672E-02   1.49850072E-02   8.32502112E-03   5.55001408E-03
     2.00000000E+01   2.86917794E-01   1.38492485E-01   1.04012667E-01   2.04606372E-02   1.44183856E-02   8.02510782E-03   5.35007188E-03
     2.10000000E+01   2.57587510E-01   1.28395835E-01   9.66891611E-02   1.94142200E-02   1.36938565E-02   7.63508499E-03   5.09005666E-03
     2.20000000E+01   2.29449588E-01   1.17753773E-01   8.88972921E-02   1.81860477E-02   1.28388587E-02   7.17000481E-03   4.78000321E-03
     2.30000000E+01   2.02700113E-01   1.06816320E-01   8.08282112E-02   1.68190134E-02   1.18835545E-02   6.64658292E-03   4.43105528E-03
     2.40000000E+01   1.77519063E-01   9.58245458E-02   7.26680292E-02   1.53575476E-02   1.08593168E-02   6.08234086E-03   4.05489391E-03
     2.50000000E+01   1.54060647E-01   8.50020292E-02   6.45909258E-02   1.38455286E-02   9.79723566E-03   5.49475238E-03   3.66316825E-03
     2.60000000E+01   1.32445433E-01   7.45474826E-02   5.67531249E-02   1.23243677E-02   8.72674234E-03   4.90045178E-03   3.26696786E-03
     2.70000000E+01   1.12754773E-01   6.46289918E-02   4.92881175E-02   1.08313844E-02   7.67443829E-03   4.31455423E-03   2.87636949E-03
     2.80000000E+01   9.50278037E-02   5.53801936E-02   4.23033914E-02   9.39856139E-03   6.66319111E-03   3.75012559E-03   2.50008373E-03
     2.90000000E+01   7.92610774E-02   4.68985226E-02   3.58787869E-02   8.05172750E-03   5.71153515E-03   3.21782432E-03   2.14521621E-03
     3.00000000E+01   6.54106720E-02   3.92454836E-02   3.00664541E-02   6.81017978E-03   4.83338568E-03   2.72572182E-03   1.81714788E-03
     3.10000000E+01   5.33964092E-02   3.24487439E-02   2.48922631E-02   5.68672036E-03   4.03804959E-03   2.27929272E-03   1.51952848E-03
     3.20000000E+01   4.31076988E-02   2.65057160E-02   2.03584142E-02   4.68805193E-03   3.33049403E-03   1.88155375E-03   1.25436917E-03
     3.30000000E+01   3.44104330E-02   2.13882205E-02   1.64469315E-02   3.81545541E-03   2.71181870E-03   1.53332102E-03   1.02221402E-03
     3.40000000E+01   2.71543448E-02   1.70477838E-02   1.31236921E-02   3.06566163E-03   2.17986897E-03   1.23355000E-03   8.22366668E-04
     3.50000000E+01   2.11802803E-02   1.34211396E-02   1.03426516E-02   2.43182669E-03   1.72992564E-03   9.79721739E-04   6.53147826E-04
     3.60000000E+01   1.63269214E-02   1.04355495E-02   8.04996157E-03   1.90452777E-03   1.35541147E-03   7.68241104E-04   5.12160736E-04
     3.70000000E+01   1.24366087E-02   8.01363623E-03   6.18773511E-03   1.47270893E-03   1.04856415E-03   5.94817896E-04   3.96545264E-04
     3.80000000E+01   9.36003993E-03   6.07751350E-03   4.69728336E-03   1.12452361E-03   8.01037128E-04   4.54808641E-04   3.03205760E-04
     3.90000000E+01   6.95974612E-03   4.55208856E-03   3.52172288E-03   8.48039366E-04   6.04403368E-04   3.43504303E-04   2.29002869E-04
     4.00000000E+01   5.11235790E-03   3.36750201E-03   2.60791888E-03   6.31787995E-04   4.50549583E-04   2.56356533E-04   1.70904355E-04
     4.10000000E+01   3.70976153E-03   2.46074007E-03   1.90778767E-03   4.65160103E-04   3.31959965E-04   1.89141459E-04   1.26094306E-04
     4.20000000E+01   2.65930700E-03   1.77650893E-03   1.37902427E-03   3.38655274E-04   2.41897062E-04   1.38065123E-04   9.20434153E-05
     4.30000000E+01   1.88326391E-03   1.26749426E-03   9.85348398E-04   2.44007400E-04   1.74493552E-04   9.98181462E-05   6.65454308E-05
     4.40000000E+01   1.31773079E-03   8.94144465E-04   6.96374924E-04   1.74209333E-04   1.24772012E-04   7.15892320E-05   4.77261547E-05
     4.50000000E+01   9.11193323E-04   6.24115753E-04   4.87215729E-04   1.23462378E-04   8.86107907E-05   5.10477046E-05   3.40318031E-05
     4.60000000E+01   6.22903242E-04   4.31505461E-04   3.37910927E-04   8.70748474E-05   6.26732495E-05   3.63048829E-05   2.42032553E-05
     4.70000000E+01   4.21217447E-04   2.95980569E-04   2.32773063E-04   6.13309698E-05   4.43155318E-05   2.58629173E-05   1.72419449E-05
     4.80000000E+01   2.82002010E-04   2.01885441E-04   1.59710240E-04   4.33473973E-05   3.14852141E-05   1.85581428E-05   1.23720952E-05
     4.90000000E+01   1.87171894E-04   1.37389561E-04   1.09576168E-04   3.09303365E-05   2.26201476E-05   1.35042844E-05   9.00285630E-06
     5.00000000E+01   1.23407404E-04   9.37146296E-05   7.55784949E-05   2.24422005E-05   1.65538889E-05   1.00392030E-05   6.69280198E-06
