     0.00000000E+00   1.00010001E+00   0.00000000E+00   0.00000000E+00   0.00000000E+00
     2.00000000E-01   9.73148023E-01   9.65577205E-03   1.30348807E-04   1.40407013E-06
     4.00000000E-01   9.45461334E-01   1.86563428E-02   2.71801102E-04   2.94725275E-06
     6.00000000E-01   9.17048021E-01   2.69993954E-02   4.21787563E-04   4.61805767E-06
     8.00000000E-01   8.87928900E-01   3.46847643E-02   5.77853231E-04   6.40246865E-06
     1.00000000E+00   8.58137724E-01   4.17145817E-02   7.37668208E-04   8.28436689E-06
     1.20000000E+00   8.27721134E-01   4.80933953E-02   8.99037577E-04   1.02459498E-05
     1.40000000E+00   7.96738351E-01   5.38282537E-02   1.05991039E-03   1.22681414E-05
     1.60000000E+00   7.65260617E-01   5.89287576E-02   1.21838756E-03   1.43309897E-05
     1.80000000E+00   7.33370376E-01   6.34070756E-02   1.37272855E-03   1.64140490E-05
     2.00000000E+00   7.01160217E-01   6.72779225E-02   1.52135671E-03   1.84967416E-05
     2.20000000E+00   6.68731604E-01   7.05585011E-02   1.66286322E-03   2.05586972E-05
     2.40000000E+00   6.36193402E-01   7.32684080E-02   1.79600955E-03   2.25800665E-05
     2.60000000E+00   6.03660252E-01   7.54295037E-02   1.91972835E-03   2.45418069E-05
     2.80000000E+00   5.71250820E-01   7.70657513E-02   2.03312283E-03   2.64259373E-05
     3.00000000E+00   5.39085956E-01   7.82030248E-02   2.13546463E-03   2.82157616E-05
     3.20000000E+00   5.07286829E-01   7.88688913E-02   2.22619018E-03   2.98960585E-05
     3.40000000E+00   4.75973050E-01   7.90923716E-02   2.30489554E-03   3.14532379E-05
     3.60000000E+00   4.45260858E-01   7.89036820E-02   2.37133009E-03   3.28754632E-05
     3.80000000E+00   4.15261384E-01   7.83339647E-02   2.42538876E-03   3.41527401E-05
     4.00000000E+00   3.86079056E-01   7.74150086E-02   2.46710334E-03   3.52769717E-05
     4.20000000E+00   3.57810158E-01   7.61789683E-02   2.49663266E-03   3.62419833E-05
     4.40000000E+00   3.30541585E-01   7.46580844E-02   2.51425208E-03   3.70435158E-05
     4.60000000E+00   3.04349814E-01   7.28844100E-02   2.52034224E-03   3.76791917E-05
     4.80000000E+00   2.79300108E-01   7.08895489E-02   2.51537737E-03   3.81484552E-05
     5.00000000E+00   2.55445956E-01   6.87044078E-02   2.49991329E-03   3.84524894E-05
     5.20000000E+00   2.32828759E-01   6.63589678E-02   2.47457524E-03   3.85941125E-05
     5.40000000E+00   2.11477761E-01   6.38820769E-02   2.44004574E-03   3.85776574E-05
     5.60000000E+00   1.91410198E-01   6.13012656E-02   2.39705266E-03   3.84088363E-05
     5.80000000E+00   1.72631666E-01   5.86425894E-02   2.34635756E-03   3.80945943E-05
     6.00000000E+00   1.55136683E-01   5.59304967E-02   2.28874457E-03   3.76429550E-05
     6.20000000E+00   1.38909412E-01   5.31877247E-02   2.22500973E-03   3.70628603E-05
     6.40000000E+00   1.23924528E-01   5.04352222E-02   2.15595113E-03   3.63640086E-05
     6.60000000E+00   1.10148193E-01   4.76920987E-02   2.08235976E-03   3.55566926E-05
     6.80000000E+00   9.75391129E-02   4.49756001E-02   2.00501117E-03   3.46516408E-05
     7.00000000E+00   8.60496438E-02   4.23011072E-02   1.92465810E-03   3.36598630E-05
     7.20000000E+00   7.56269199E-02   3.96821571E-02   1.84202390E-03   3.25925041E-05
     7.40000000E+00   6.62139768E-02   3.71304848E-02   1.75779700E-03   3.14607061E-05
     7.60000000E+00   5.77508454E-02   3.46560823E-02   1.67262624E-03   3.02754803E-05
     7.80000000E+00   5.01755953E-02   3.22672733E-02   1.58711715E-03   2.90475913E-05
     8.00000000E+00   4.34253096E-02   2.99708003E-02   1.50182908E-03   2.77874533E-05
     8.20000000E+00   3.74369772E-02   2.77719227E-02   1.41727323E-03   2.65050388E-05
     8.40000000E+00   3.21482929E-02   2.56745218E-02   1.33391139E-03   2.52098011E-05
     8.60000000E+00   2.74983562E-02   2.36812125E-02   1.25215554E-03   2.39106099E-05
     8.80000000E+00   2.34282671E-02   2.17934567E-02   1.17236799E-03   2.26156995E-05
     9.00000000E+00   1.98816182E-02   2.00116794E-02   1.09486221E-03   2.13326307E-05
     9.20000000E+00   1.68048835E-02   1.83353834E-02   1.01990420E-03   2.00682637E-05
     9.40000000E+00   1.41477113E-02   1.67632617E-02   9.47714226E-04   1.88287435E-05
     9.60000000E+00   1.18631246E-02   1.52933069E-02   8.78469040E-04   1.76194953E-05
     9.80000000E+00   9.90764004E-03   1.39229155E-02   8.12304371E-04   1.64452299E-05
     1.00000000E+01   8.24131098E-03   1.26489865E-02   7.49317665E-04   1.53099574E-05
     1.02000000E+01   6.82770716E-03   1.14680135E-02   6.89571003E-04   1.42170091E-05
     1.04000000E+01   5.63383893E-03   1.03761707E-02   6.33094150E-04   1.31690656E-05
     1.06000000E+01   4.63003648E-03   9.36939087E-03   5.79887653E-04   1.21681904E-05
     1.08000000E+01   3.78979329E-03   8.44343609E-03   5.29925964E-04   1.12158681E-05
     1.10000000E+01   3.08958264E-03   7.59396172E-03   4.83160522E-04   1.03130459E-05
     1.12000000E+01   2.50865524E-03   6.81657256E-03   4.39522774E-04   9.46017768E-06
     1.14000000E+01   2.02882518E-03   6.10687224E-03   3.98927077E-04   8.65726960E-06
     1.16000000E+01   1.63425065E-03   5.46050580E-03   3.61273481E-04   7.90392640E-06
     1.18000000E+01   1.31121459E-03   4.87319607E-03   3.26450352E-04   7.19939767E-06
     1.20000000E+01   1.04790991E-03   4.34077392E-03   2.94336819E-04   6.54262362E-06
     1.22000000E+01   8.34232762E-04   3.85920324E-03   2.64805042E-04   5.93227939E-06
     1.24000000E+01   6.61586447E-04   3.42460072E-03   2.37722286E-04   5.36681771E-06
     1.26000000E+01   5.22698139E-04   3.03325122E-03   2.12952797E-04   4.84450948E-06
     1.28000000E+01   4.11449483E-04   2.68161902E-03   1.90359482E-04   4.36348175E-06
     1.30000000E+01   3.22721880E-04   2.36635546E-03   1.69805391E-04   3.92175310E-06
     1.32000000E+01   2.52256625E-04   2.08430341E-03   1.51155015E-04   3.51726604E-06
     1.34000000E+01   1.96529695E-04   1.83249902E-03   1.34275397E-04   3.14791650E-06
     1.36000000E+01   1.52640712E-04   1.60817111E-03   1.19037075E-04   2.81158025E-06
     1.38000000E+01   1.18215309E-04   1.40873851E-03   1.05314851E-04   2.50613632E-06
     1.40000000E+01   9.13200175E-05   1.23180589E-03   9.29884268E-05   2.22948738E-06
     1.42000000E+01   7.03886527E-05   1.07515810E-03   8.19428813E-05   1.97957736E-06
     1.44000000E+01   5.41591465E-05   9.36753527E-04   7.20690363E-05   1.75440623E-06
     1.46000000E+01   4.16197410E-05   8.14716590E-04   6.32637008E-05   1.55204226E-06
     1.48000000E+01   3.19634938E-05   7.07329674E-04   5.54298161E-05   1.37063185E-06
     1.50000000E+01   2.45500791E-05   6.13024612E-04   4.84765125E-05   1.20840708E-06
     1.52000000E+01   1.88739379E-05   5.30373916E-04   4.23190878E-05   1.06369131E-06
     1.54000000E+01   1.45378986E-05   4.58081942E-04   3.68789213E-05   9.34902928E-07
     1.56000000E+01   1.12314730E-05   3.94976039E-04   3.20833318E-05   8.20557449E-07
     1.58000000E+01   8.71311481E-06   3.39997816E-04   2.78653906E-05   7.19268231E-07
     1.60000000E+01   6.79580814E-06   2.92194619E-04   2.41636981E-05   6.29745930E-07
     1.62000000E+01   5.33543520E-06   2.50711271E-04   2.09221328E-05   5.50796920E-07
     1.64000000E+01   4.22144390E-06   2.14782124E-04   1.80895793E-05   4.81320851E-07
     1.66000000E+01   3.36940651E-06   1.83723482E-04   1.56196422E-05   4.20307450E-07
     1.68000000E+01   2.71512140E-06   1.56926396E-04   1.34703523E-05   3.66832815E-07
     1.70000000E+01   2.20996555E-06   1.33849883E-04   1.16038690E-05   3.20055234E-07
     1.72000000E+01   1.81725385E-06   1.14014552E-04   9.98618408E-06   2.79210720E-07
     1.74000000E+01   1.50940350E-06   9.69966539E-05   8.58683002E-06   2.43608329E-07
     1.76000000E+01   1.26573807E-06   8.24225569E-05   7.37859580E-06   2.12625374E-07
     1.78000000E+01   1.07079646E-06   6.99636284E-05   6.33725281E-06   1.85702614E-07
     1.80000000E+01   9.13037935E-07   5.93315249E-05   5.44129255E-06   1.62339473E-07
     1.82000000E+01   7.83855816E-07   5.02738673E-05   4.67167744E-06   1.42089367E-07
     1.84000000E+01   6.76830441E-07   4.25702894E-05   4.01160592E-06   1.24555170E-07
     1.86000000E+01   5.87166259E-07   3.60288398E-05   3.44629223E-06   1.09384845E-07
     1.88000000E+01   5.11269934E-07   3.04827174E-05   2.96276128E-06   9.62673189E-08
     1.90000000E+01   4.46435713E-07   2.57873205E-05   2.54965865E-06   8.49285417E-08
     1.92000000E+01   3.90611965E-07   2.18175884E-05   2.19707549E-06   7.51278161E-08
     1.94000000E+01   3.42228742E-07   1.84656153E-05   1.89638795E-06   6.66543637E-08
     1.96000000E+01   3.00070991E-07   1.56385138E-05   1.64011066E-06   5.93241452E-08
     1.98000000E+01   2.63185700E-07   1.32565107E-05   1.42176366E-06   5.29769300E-08
     2.00000000E+01   2.30814143E-07   1.12512531E-05   1.23575198E-06   4.74736097E-08
     2.02000000E+01   2.02342579E-07   9.56430763E-06   1.07725723E-06   4.26937478E-08
     2.04000000E+01   1.77266449E-07   8.14583391E-06   9.42140353E-07   3.85333602E-08
     2.06000000E+01   1.55164400E-07   6.95341666E-06   8.26854719E-07   3.49029001E-08
     2.08000000E+01   1.35679420E-07   5.95103964E-06   7.28368789E-07   3.17254587E-08
     2.10000000E+01   1.18505100E-07   5.10818740E-06   6.44097540E-07   2.89351459E-08
     2.12000000E+01   1.03375576E-07   4.39906107E-06   5.71841886E-07   2.64756495E-08
     2.14000000E+01   9.00581061E-08   3.80189574E-06   5.09735336E-07   2.42989557E-08
     2.16000000E+01   7.83475227E-08   3.29836798E-06   4.56197211E-07   2.23642172E-08
     2.18000000E+01   6.80620254E-08   2.87308303E-06   4.09891737E-07   2.06367563E-08
     2.20000000E+01   5.90399269E-08   2.51313229E-06   3.69692409E-07   1.90871890E-08
     2.22000000E+01   5.11370825E-08   2.20771247E-06   3.34651039E-07   1.76906647E-08
     2.24000000E+01   4.42248102E-08   1.94779873E-06   3.03970965E-07   1.64261931E-08
     2.26000000E+01   3.81881696E-08   1.72586500E-06   2.76983942E-07   1.52760703E-08
     2.28000000E+01   3.29245007E-08   1.53564522E-06   2.53130260E-07   1.42253779E-08
     2.30000000E+01   2.83421692E-08   1.37193018E-06   2.31941703E-07   1.32615521E-08
     2.32000000E+01   2.43594577E-08   1.23039504E-06   2.13026983E-07   1.23740132E-08
     2.34000000E+01   2.09035837E-08   1.10745336E-06   1.96059331E-07   1.15538492E-08
     2.36000000E+01   1.79098159E-08   1.00013375E-06   1.80765953E-07   1.07935461E-08
     2.38000000E+01   1.53206763E-08   9.05976197E-07   1.66919106E-07   1.00867577E-08
     2.40000000E+01   1.30852146E-08   8.22944794E-07   1.54328559E-07   9.42811183E-09
     2.42000000E+01   1.11583486E-08   7.49354786E-07   1.42835251E-07   8.81304743E-09
     2.44000000E+01   9.50026130E-09   6.83811550E-07   1.32305962E-07   8.23767118E-09
     2.46000000E+01   8.07585439E-09   6.25159774E-07   1.22628866E-07   7.69865090E-09
     2.48000000E+01   6.85424685E-09   5.72441201E-07   1.13709803E-07   7.19311256E-09
     2.50000000E+01   5.80832169E-09   5.24859604E-07   1.05469196E-07   6.71856179E-09
     2.52000000E+01   4.91431360E-09   4.81751812E-07   9.78394832E-08   6.27281736E-09
     2.54000000E+01   4.15143551E-09   4.42563810E-07   9.07629954E-08   5.85395626E-09
     2.56000000E+01   3.50154093E-09   4.06831063E-07   8.41902084E-08   5.46026850E-09
     2.58000000E+01   2.94881964E-09   3.74162358E-07   7.80783034E-08   5.09022006E-09
     2.60000000E+01   2.47952382E-09   3.44226575E-07   7.23899876E-08   4.74242273E-09
     2.62000000E+01   2.08172239E-09   3.16741849E-07   6.70925290E-08   4.41560945E-09
     2.64000000E+01   1.74508112E-09   2.91466749E-07   6.21569693E-08   4.10861451E-09
     2.66000000E+01   1.46066633E-09   2.68193081E-07   5.75574829E-08   3.82035744E-09
     2.68000000E+01   1.22077007E-09   2.46740042E-07   5.32708568E-08   3.54982930E-09
     2.70000000E+01   1.01875451E-09   2.26949472E-07   4.92760689E-08   3.29608629E-09
     2.72000000E+01   8.48914835E-10   2.08682001E-07   4.55539476E-08   3.05823492E-09
     2.74000000E+01   7.06357197E-10   1.91813934E-07   4.20868955E-08   2.83543055E-09
     2.76000000E+01   5.86891530E-10   1.76234722E-07   3.88586680E-08   2.62687076E-09
     2.78000000E+01   4.86937167E-10   1.61844922E-07   3.58541931E-08   2.43179131E-09
     2.80000000E+01   4.03440010E-10   1.48554532E-07   3.30594276E-08   2.24946294E-09
     2.82000000E+01   3.33800008E-10   1.36281655E-07   3.04612389E-08   2.07918877E-09
     2.84000000E+01   2.75807815E-10   1.24951401E-07   2.80473101E-08   1.92030234E-09
     2.86000000E+01   2.27589595E-10   1.14494998E-07   2.58060630E-08   1.77216599E-09
     2.88000000E+01   1.87559026E-10   1.04849062E-07   2.37265935E-08   1.63416957E-09
     2.90000000E+01   1.54375679E-10   9.59549941E-08   2.17986199E-08   1.50572933E-09
     2.92000000E+01   1.26908988E-10   8.77584870E-08   2.00124381E-08   1.38628705E-09
     2.94000000E+01   1.04207140E-10   8.02091068E-08   1.83588848E-08   1.27530924E-09
     2.96000000E+01   8.54702762E-11   7.32599443E-08   1.68293048E-08   1.17228645E-09
     2.98000000E+01   7.00273191E-11   6.68673173E-08   1.54155237E-08   1.07673261E-09
     3.00000000E+01   5.73167145E-11   6.09905144E-08   1.41098225E-08   9.88184395E-10
     3.02000000E+01   4.68687776E-11   5.55915738E-08   1.29049152E-08   9.06200686E-10
     3.04000000E+01   3.82917011E-11   5.06350853E-08   1.17939287E-08   8.30361927E-10
     3.06000000E+01   3.12591565E-11   4.60880186E-08   1.07703834E-08   7.60269556E-10
     3.08000000E+01   2.54998214E-11   4.19195654E-08   9.82817523E-09   6.95545279E-10
     3.10000000E+01   2.07884938E-11   3.81009982E-08   8.96155901E-09   6.35830895E-10
     3.12000000E+01   1.69385687E-11   3.46055396E-08   8.16513189E-09   5.80787168E-10
     3.14000000E+01   1.37956808E-11   3.14082418E-08   7.43381790E-09   5.30093407E-10
     3.16000000E+01   1.12323445E-11   2.84858758E-08   6.76285278E-09   4.83446832E-10
     3.18000000E+01   9.14344378E-12   2.58168260E-08   6.14776936E-09   4.40561925E-10
     3.20000000E+01   7.44244406E-12   2.33809927E-08   5.58438328E-09   4.01169784E-10
     3.22000000E+01   6.05821839E-12   2.11596997E-08   5.06877921E-09   3.65017468E-10
     3.24000000E+01   4.93239242E-12   1.91356070E-08   4.59729740E-09   3.31867342E-10
     3.26000000E+01   4.01712843E-12   1.72926286E-08   4.16652062E-09   3.01496425E-10
     3.28000000E+01   3.27327922E-12   1.56158539E-08   3.77326149E-09   2.73695739E-10
     3.30000000E+01   2.66885330E-12   1.40914740E-08   3.41455018E-09   2.48269667E-10
     3.32000000E+01   2.17774118E-12   1.27067116E-08   3.08762255E-09   2.25035318E-10
     3.34000000E+01   1.77866057E-12   1.14497542E-08   2.78990861E-09   2.03821904E-10
     3.36000000E+01   1.45420407E-12   1.03096910E-08   2.51902144E-09   1.84470124E-10
     3.38000000E+01   1.19047270E-12   9.27645343E-09   2.27274653E-09   1.66831566E-10
     3.40000000E+01   9.75892685E-13   8.34075824E-09   2.04903145E-09   1.50768126E-10
     3.42000000E+01   8.01176779E-13   7.49405439E-09   1.84597623E-09   1.36151439E-10
     3.44000000E+01   6.58791606E-13   6.72847234E-09   1.66182307E-09   1.22862325E-10
     3.46000000E+01   5.42630861E-13   6.03677642E-09   1.49494857E-09   1.10790262E-10
     3.48000000E+01   4.47747966E-13   5.41231994E-09   1.34385427E-09   9.98328697E-11
     3.50000000E+01   3.70137697E-13   4.84900277E-09   1.20715865E-09   8.98954161E-11
     3.52000000E+01   3.06558092E-13   4.34123165E-09   1.08358930E-09   8.08903433E-11
     3.54000000E+01   2.54385411E-13   3.88388270E-09   9.71975488E-10   7.27368132E-11
     3.56000000E+01   2.11496220E-13   3.47226640E-09   8.71241181E-10   6.53602887E-11
     3.58000000E+01   1.76171648E-13   3.10209469E-09   7.80398349E-10   5.86920869E-11
     3.60000000E+01   1.47019763E-13   2.76945021E-09   6.98540705E-10   5.26689780E-11
     3.62000000E+01   1.22912726E-13   2.47075751E-09   6.24837771E-10   4.72328611E-11
     3.64000000E+01   1.02935956E-13   2.20275620E-09   5.58529300E-10   4.23303829E-11
     3.66000000E+01   8.63470648E-14   1.96247591E-09   4.98920031E-10   3.79126012E-11
     3.68000000E+01   7.25427093E-14   1.74721304E-09   4.45374763E-10   3.39346669E-11
     3.70000000E+01   6.10318580E-14   1.55450872E-09   3.97313738E-10   3.03555237E-11
     3.72000000E+01   5.14142406E-14   1.38212914E-09   3.54208323E-10   2.71376270E-11
     3.74000000E+01   4.33629845E-14   1.22804650E-09   3.15576974E-10   2.42466778E-11
     3.76000000E+01   3.66106299E-14   1.09042173E-09   2.80981462E-10   2.16513745E-11
     3.78000000E+01   3.09378641E-14   9.67588482E-10   2.50023371E-10   1.93231799E-11
     3.80000000E+01   2.61699452E-14   8.58038197E-10   2.22340823E-10   1.72361031E-11
     3.82000000E+01   2.21289055E-14   7.60406445E-10   1.97605447E-10   1.53664958E-11
     3.84000000E+01   1.87253370E-14   6.73460232E-10   1.75519557E-10   1.36928630E-11
     3.86000000E+01   1.58543147E-14   5.96086346E-10   1.55813544E-10   1.21956856E-11
     3.88000000E+01   1.34292383E-14   5.27280610E-10   1.38243457E-10   1.08572567E-11
     3.90000000E+01   1.13784426E-14   4.66138013E-10   1.22588768E-10   9.66152838E-12
     3.92000000E+01   9.64244991E-15   4.11843635E-10   1.08650310E-10   8.59397070E-12
     3.94000000E+01   8.17175001E-15   3.63664332E-10   9.62484071E-11   7.64144055E-12
     3.96000000E+01   7.97665702E-15   3.20941107E-10   8.52209531E-11   6.79206054E-12
     3.98000000E+01   0.00000000E+00   2.83082135E-10   7.54221408E-11   6.03510724E-12
     4.00000000E+01   0.00000000E+00   2.49556380E-10   6.67206807E-11   5.36090807E-12
     0.00000000E+00   1.00010001E+00   0.00000000E+00   0.00000000E+00   0.00000000E+00
     2.00000000E-01   9.80314019E-01   1.16328036E-02   2.52323780E-04   4.89206235E-06
     4.00000000E-01   9.60535590E-01   2.28209805E-02   5.28901277E-04   1.03017287E-05
     6.00000000E-01   9.40750403E-01   3.35629720E-02   8.27400710E-04   1.62272540E-05
     8.00000000E-01   9.20945502E-01   4.38573388E-02   1.14551132E-03   2.26622098E-05
     1.00000000E+00   9.01109435E-01   5.37028137E-02   1.48094729E-03   2.95957111E-05
     1.20000000E+00   8.81232390E-01   6.30983541E-02   1.83145182E-03   3.70126546E-05
     1.40000000E+00   8.61306312E-01   7.20431942E-02   2.19480138E-03   4.48939686E-05
     1.60000000E+00   8.41325020E-01   8.05368966E-02   2.56881013E-03   5.32168731E-05
     1.80000000E+00   8.21284302E-01   8.85794030E-02   2.95133437E-03   6.19551506E-05
     2.00000000E+00   8.01181999E-01   9.61710831E-02   3.34027711E-03   7.10794242E-05
     2.20000000E+00   7.81018072E-01   1.03312781E-01   3.73359269E-03   8.05574448E-05
     2.40000000E+00   7.60794649E-01   1.10005860E-01   4.12929131E-03   9.03543836E-05
     2.60000000E+00   7.40516057E-01   1.16252244E-01   4.52544366E-03   1.00433131E-04
     2.80000000E+00   7.20188825E-01   1.22054453E-01   4.92018532E-03   1.10754597E-04
     3.00000000E+00   6.99821674E-01   1.27415638E-01   5.31172115E-03   1.21278019E-04
     3.20000000E+00   6.79425480E-01   1.32339610E-01   5.69832953E-03   1.31961263E-04
     3.40000000E+00   6.59013221E-01   1.36830867E-01   6.07836633E-03   1.42761132E-04
     3.60000000E+00   6.38599889E-01   1.40894607E-01   6.45026873E-03   1.53633670E-04
     3.80000000E+00   6.18202399E-01   1.44536748E-01   6.81255878E-03   1.64534455E-04
     4.00000000E+00   5.97839460E-01   1.47763935E-01   7.16384659E-03   1.75418903E-04
     4.20000000E+00   5.77531437E-01   1.50583541E-01   7.50283333E-03   1.86242545E-04
     4.40000000E+00   5.57300190E-01   1.53003668E-01   7.82831375E-03   1.96961316E-04
     4.60000000E+00   5.37168900E-01   1.55033132E-01   8.13917842E-03   2.07531819E-04
     4.80000000E+00   5.17161873E-01   1.56681459E-01   8.43441553E-03   2.17911586E-04
     5.00000000E+00   4.97304342E-01   1.57958853E-01   8.71311227E-03   2.28059323E-04
     5.20000000E+00   4.77622249E-01   1.58876183E-01   8.97445583E-03   2.37935145E-04
     5.40000000E+00   4.58142024E-01   1.59444941E-01   9.21773388E-03   2.47500793E-04
     5.60000000E+00   4.38890360E-01   1.59677216E-01   9.44233471E-03   2.56719835E-04
     5.80000000E+00   4.19893979E-01   1.59585648E-01   9.64774679E-03   2.65557854E-04
     6.00000000E+00   4.01179407E-01   1.59183386E-01   9.83355800E-03   2.73982614E-04
     6.20000000E+00   3.82772749E-01   1.58484041E-01   9.99945436E-03   2.81964209E-04
     6.40000000E+00   3.64699462E-01   1.57501631E-01   1.01452183E-02   2.89475196E-04
     6.60000000E+00   3.46984151E-01   1.56250530E-01   1.02707265E-02   2.96490706E-04
     6.80000000E+00   3.29650359E-01   1.54745411E-01   1.03759474E-02   3.02988534E-04
     7.00000000E+00   3.12720386E-01   1.53001186E-01   1.04609384E-02   3.08949215E-04
     7.20000000E+00   2.96215110E-01   1.51032947E-01   1.05258423E-02   3.14356072E-04
     7.40000000E+00   2.80153834E-01   1.48855904E-01   1.05708837E-02   3.19195254E-04
     7.60000000E+00   2.64554143E-01   1.46485329E-01   1.05963654E-02   3.23455749E-04
     7.80000000E+00   2.49431789E-01   1.43936490E-01   1.06026635E-02   3.27129379E-04
     8.00000000E+00   2.34800589E-01   1.41224595E-01   1.05902236E-02   3.30210777E-04
     8.20000000E+00   2.20672351E-01   1.38364730E-01   1.05595556E-02   3.32697349E-04
     8.40000000E+00   2.07056815E-01   1.35371810E-01   1.05112291E-02   3.34589216E-04
     8.60000000E+00   1.93961620E-01   1.32260516E-01   1.04458681E-02   3.35889142E-04
     8.80000000E+00   1.81392289E-01   1.29045249E-01   1.03641459E-02   3.36602450E-04
     9.00000000E+00   1.69352240E-01   1.25740080E-01   1.02667801E-02   3.36736917E-04
     9.20000000E+00   1.57842809E-01   1.22358706E-01   1.01545268E-02   3.36302664E-04
     9.40000000E+00   1.46863297E-01   1.18914403E-01   1.00281758E-02   3.35312034E-04
     9.60000000E+00   1.36411038E-01   1.15419997E-01   9.88854515E-03   3.33779452E-04
     9.80000000E+00   1.26481472E-01   1.11887822E-01   9.73647571E-03   3.31721290E-04
     1.00000000E+01   1.17068244E-01   1.08329692E-01   9.57282635E-03   3.29155711E-04
     1.02000000E+01   1.08163306E-01   1.04756879E-01   9.39846877E-03   3.26102517E-04
     1.04000000E+01   9.97570415E-02   1.01180086E-01   9.21428267E-03   3.22582985E-04
     1.06000000E+01   9.18383860E-02   9.76094332E-02   9.02115108E-03   3.18619709E-04
     1.08000000E+01   8.43949636E-02   9.40544425E-02   8.81995580E-03   3.14236428E-04
     1.10000000E+01   7.74132255E-02   9.05240292E-02   8.61157319E-03   3.09457863E-04
     1.12000000E+01   7.08785926E-02   8.70264956E-02   8.39687009E-03   3.04309549E-04
     1.14000000E+01   6.47755988E-02   8.35695300E-02   8.17670003E-03   2.98817673E-04
     1.16000000E+01   5.90880349E-02   8.01602079E-02   7.95189970E-03   2.93008910E-04
     1.18000000E+01   5.37990906E-02   7.68049972E-02   7.72328567E-03   2.86910266E-04
     1.20000000E+01   4.88914931E-02   7.35097664E-02   7.49165142E-03   2.80548926E-04
     1.22000000E+01   4.43476409E-02   7.02797957E-02   7.25776466E-03   2.73952101E-04
     1.24000000E+01   4.01497321E-02   6.71197907E-02   7.02236490E-03   2.67146894E-04
     1.26000000E+01   3.62798860E-02   6.40338982E-02   6.78616135E-03   2.60160160E-04
     1.28000000E+01   3.27202565E-02   6.10257247E-02   6.54983107E-03   2.53018382E-04
     1.30000000E+01   2.94531377E-02   5.80983560E-02   6.31401744E-03   2.45747552E-04
     1.32000000E+01   2.64610603E-02   5.52543789E-02   6.07932891E-03   2.38373060E-04
     1.34000000E+01   2.37268788E-02   5.24959041E-02   5.84633794E-03   2.30919596E-04
     1.36000000E+01   2.12338493E-02   4.98245899E-02   5.61558035E-03   2.23411055E-04
     1.38000000E+01   1.89656974E-02   4.72416668E-02   5.38755475E-03   2.15870457E-04
     1.40000000E+01   1.69066771E-02   4.47479632E-02   5.16272236E-03   2.08319874E-04
     1.42000000E+01   1.50416201E-02   4.23439304E-02   4.94150695E-03   2.00780366E-04
     1.44000000E+01   1.33559759E-02   4.00296689E-02   4.72429505E-03   1.93271927E-04
     1.46000000E+01   1.18358434E-02   3.78049538E-02   4.51143635E-03   1.85813441E-04
     1.48000000E+01   1.04679942E-02   3.56692604E-02   4.30324423E-03   1.78422648E-04
     1.50000000E+01   9.23988843E-03   3.36217897E-02   4.09999658E-03   1.71116113E-04
     1.52000000E+01   8.13968313E-03   3.16614925E-02   3.90193660E-03   1.63909214E-04
     1.54000000E+01   7.15623407E-03   2.97870939E-02   3.70927390E-03   1.56816125E-04
     1.56000000E+01   6.27909192E-03   2.79971162E-02   3.52218563E-03   1.49849818E-04
     1.58000000E+01   5.49849296E-03   2.62899021E-02   3.34081772E-03   1.43022069E-04
     1.60000000E+01   4.80534521E-03   2.46636354E-02   3.16528624E-03   1.36343465E-04
     1.62000000E+01   4.19121052E-03   2.31163624E-02   2.99567883E-03   1.29823425E-04
     1.64000000E+01   3.64828333E-03   2.16460110E-02   2.83205616E-03   1.23470226E-04
     1.66000000E+01   3.16936660E-03   2.02504095E-02   2.67445347E-03   1.17291025E-04
     1.68000000E+01   2.74784550E-03   1.89273042E-02   2.52288213E-03   1.11291901E-04
     1.70000000E+01   2.37765944E-03   1.76743756E-02   2.37733123E-03   1.05477887E-04
     1.72000000E+01   2.05327276E-03   1.64892541E-02   2.23776917E-03   9.98530140E-05
     1.74000000E+01   1.76964481E-03   1.53695338E-02   2.10414524E-03   9.44203561E-05
     1.76000000E+01   1.52219952E-03   1.43127861E-02   1.97639122E-03   8.91820767E-05
     1.78000000E+01   1.30679498E-03   1.33165714E-02   1.85442294E-03   8.41394786E-05
     1.80000000E+01   1.11969336E-03   1.23784509E-02   1.73814183E-03   7.92930541E-05
     1.82000000E+01   9.57531319E-04   1.14959959E-02   1.62743636E-03   7.46425401E-05
     1.84000000E+01   8.17291304E-04   1.06667977E-02   1.52218355E-03   7.01869671E-05
     1.86000000E+01   6.96273731E-04   9.88847528E-03   1.42225038E-03   6.59247158E-05
     1.88000000E+01   5.92070374E-04   9.15868308E-03   1.32749511E-03   6.18535691E-05
     1.90000000E+01   5.02538979E-04   8.47511718E-03   1.23776857E-03   5.79707650E-05
     1.92000000E+01   4.25779225E-04   7.83552121E-03   1.15291545E-03   5.42730493E-05
     1.94000000E+01   3.60110089E-04   7.23769123E-03   1.07277540E-03   5.07567260E-05
     1.96000000E+01   3.04048641E-04   6.67948001E-03   9.97184204E-04   4.74177081E-05
     1.98000000E+01   2.56290285E-04   6.15880060E-03   9.25974749E-04   4.42515652E-05
     2.00000000E+01   2.15690438E-04   5.67362929E-03   8.58978041E-04   4.12535706E-05
     2.02000000E+01   1.81247623E-04   5.22200800E-03   7.96024082E-04   3.84187455E-05
     2.04000000E+01   1.52087925E-04   4.80204615E-03   7.36942707E-04   3.57419022E-05
     2.06000000E+01   1.27450789E-04   4.41192197E-03   6.81564342E-04   3.32176845E-05
     2.08000000E+01   1.06676067E-04   4.04988347E-03   6.29720703E-04   3.08406055E-05
     2.10000000E+01   8.91922816E-05   3.71424890E-03   5.81245416E-04   2.86050840E-05
     2.12000000E+01   7.45060118E-05   3.40340686E-03   5.35974607E-04   2.65054776E-05
     2.14000000E+01   6.21923462E-05   3.11581613E-03   4.93747373E-04   2.45361141E-05
     2.16000000E+01   5.18863208E-05   2.85000508E-03   4.54406242E-04   2.26913198E-05
     2.18000000E+01   4.32752719E-05   2.60457095E-03   4.17797565E-04   2.09654464E-05
     2.20000000E+01   3.60920293E-05   2.37817876E-03   3.83771844E-04   1.93528941E-05
     2.22000000E+01   3.01088806E-05   2.16956006E-03   3.52184010E-04   1.78481340E-05
     2.24000000E+01   2.51322364E-05   1.97751154E-03   3.22893661E-04   1.64457268E-05
     2.26000000E+01   2.09979324E-05   1.80089341E-03   2.95765246E-04   1.51403403E-05
     2.28000000E+01   1.75671062E-05   1.63862767E-03   2.70668212E-04   1.39267643E-05
     2.30000000E+01   1.47225900E-05   1.48969629E-03   2.47477109E-04   1.27999236E-05
     2.32000000E+01   1.23657654E-05   1.35313925E-03   2.26071656E-04   1.17548891E-05
     2.34000000E+01   1.04138302E-05   1.22805255E-03   2.06336783E-04   1.07868873E-05
     2.36000000E+01   8.79743050E-06   1.11358617E-03   1.88162628E-04   9.89130738E-06
     2.38000000E+01   7.45861582E-06   1.00894192E-03   1.71444519E-04   9.06370773E-06
     2.40000000E+01   6.34907876E-06   9.13371359E-04   1.56082928E-04   8.29981994E-06
     2.42000000E+01   5.42864436E-06   8.26173649E-04   1.41983395E-04   7.59555212E-06
     2.44000000E+01   4.66397761E-06   7.46693403E-04   1.29056445E-04   6.94699068E-06
     2.46000000E+01   4.02748099E-06   6.74318573E-04   1.17217479E-04   6.35040097E-06
     2.48000000E+01   3.49635687E-06   6.08478348E-04   1.06386652E-04   5.80222689E-06
     2.50000000E+01   3.05181267E-06   5.48641075E-04   9.64887400E-05   5.29908956E-06
     2.52000000E+01   2.67838880E-06   4.94312228E-04   8.74529983E-05   4.83778512E-06
     2.54000000E+01   2.36339227E-06   4.45032414E-04   7.92130046E-05   4.41528182E-06
     2.56000000E+01   2.09642061E-06   4.00375428E-04   7.17065021E-05   4.02871642E-06
     2.58000000E+01   1.86896295E-06   3.59946370E-04   6.48752343E-05   3.67539007E-06
     2.60000000E+01   1.67406667E-06   3.23379809E-04   5.86647766E-05   3.35276363E-06
     2.62000000E+01   1.50605963E-06   2.90338022E-04   5.30243662E-05   3.05845275E-06
     2.64000000E+01   1.36031939E-06   2.60509281E-04   4.79067307E-05   2.79022240E-06
     2.66000000E+01   1.23308196E-06   2.33606224E-04   4.32679172E-05   2.54598135E-06
     2.68000000E+01   1.12128388E-06   2.09364276E-04   3.90671221E-05   2.32377635E-06
     2.70000000E+01   1.02243197E-06   1.87540153E-04   3.52665235E-05   2.12178615E-06
     2.72000000E+01   9.34496403E-07   1.67910423E-04   3.18311164E-05   1.93831554E-06
     2.74000000E+01   8.55823073E-07   1.50270146E-04   2.87285512E-05   1.77178925E-06
     2.76000000E+01   7.85061942E-07   1.34431571E-04   2.59289770E-05   1.62074590E-06
     2.78000000E+01   7.21108670E-07   1.20222911E-04   2.34048884E-05   1.48383204E-06
     2.80000000E+01   6.63057164E-07   1.07487177E-04   2.11309785E-05   1.35979615E-06
     2.82000000E+01   6.10161104E-07   9.60810776E-05   1.90839966E-05   1.24748287E-06
     2.84000000E+01   5.61802829E-07   8.58739876E-05   1.72426118E-05   1.14582730E-06
     2.86000000E+01   5.17468243E-07   7.67469700E-05   1.55872822E-05   1.05384946E-06
     2.88000000E+01   4.76726620E-07   6.85918629E-05   1.41001300E-05   9.70648924E-07
     2.90000000E+01   4.39214393E-07   6.13104228E-05   1.27648226E-05   8.95399646E-07
     2.92000000E+01   4.04622167E-07   5.48135223E-05   1.15664599E-05   8.27344984E-07
     2.94000000E+01   3.72684347E-07   4.90204016E-05   1.04914676E-05   7.65792921E-07
     2.96000000E+01   3.43170850E-07   4.38579709E-05   9.52749569E-06   7.10111504E-07
     2.98000000E+01   3.15880518E-07   3.92601610E-05   8.66332365E-06   6.59724502E-07
     3.00000000E+01   2.90635869E-07   3.51673203E-05   7.88877086E-06   6.14107275E-07
     3.02000000E+01   2.67278937E-07   3.15256549E-05   7.19461265E-06   5.72782860E-07
     3.04000000E+01   2.45667957E-07   2.82867115E-05   6.57250171E-06   5.35318292E-07
     3.06000000E+01   2.25674745E-07   2.54068983E-05   6.01489466E-06   5.01321110E-07
     3.08000000E+01   2.07182606E-07   2.28470434E-05   5.51498362E-06   4.70436097E-07
     3.10000000E+01   1.90084675E-07   2.05719877E-05   5.06663258E-06   4.42342207E-07
     3.12000000E+01   1.74282590E-07   1.85502110E-05   4.66431827E-06   4.16749703E-07
     3.14000000E+01   1.59685430E-07   1.67534876E-05   4.30307544E-06   3.93397478E-07
     3.16000000E+01   1.46208859E-07   1.51565714E-05   3.97844621E-06   3.72050565E-07
     3.18000000E+01   1.33774430E-07   1.37369072E-05   3.68643334E-06   3.52497818E-07
     3.20000000E+01   1.22309014E-07   1.24743667E-05   3.42345714E-06   3.34549774E-07
     3.22000000E+01   1.11744333E-07   1.13510079E-05   3.18631593E-06   3.18036658E-07
     3.24000000E+01   1.02016562E-07   1.03508553E-05   2.97214963E-06   3.02806556E-07
     3.26000000E+01   9.30659949E-08   9.45970027E-06   2.77840651E-06   2.88723723E-07
     3.28000000E+01   8.48367542E-08   8.66491939E-06   2.60281266E-06   2.75667028E-07
     3.30000000E+01   7.72765394E-08   7.95530993E-06   2.44334421E-06   2.63528532E-07
     3.32000000E+01   7.03364019E-08   7.32094046E-06   2.29820195E-06   2.52212176E-07
     3.34000000E+01   6.39705427E-08   6.75301591E-06   2.16578825E-06   2.41632592E-07
     3.36000000E+01   5.81361287E-08   6.24375555E-06   2.04468607E-06   2.31714008E-07
     3.38000000E+01   5.27931224E-08   5.78628301E-06   1.93363998E-06   2.22389256E-07
     3.40000000E+01   4.79041240E-08   5.37452711E-06   1.83153887E-06   2.13598870E-07
     3.42000000E+01   4.34342236E-08   5.00313275E-06   1.73740042E-06   2.05290262E-07
     3.44000000E+01   3.93508611E-08   4.66738084E-06   1.65035705E-06   1.97416985E-07
     3.46000000E+01   3.56236947E-08   4.36311642E-06   1.56964318E-06   1.89938053E-07
     3.48000000E+01   3.22244736E-08   4.08668434E-06   1.49458392E-06   1.82817342E-07
     3.50000000E+01   2.91269188E-08   3.83487175E-06   1.42458477E-06   1.76023037E-07
     3.52000000E+01   2.63066088E-08   3.60485663E-06   1.35912244E-06   1.69527141E-07
     3.54000000E+01   2.37408700E-08   3.39416199E-06   1.29773665E-06   1.63305035E-07
     3.56000000E+01   2.14086719E-08   3.20061503E-06   1.24002274E-06   1.57335081E-07
     3.58000000E+01   1.92905278E-08   3.02231078E-06   1.18562513E-06   1.51598264E-07
     3.60000000E+01   1.73683991E-08   2.85757986E-06   1.13423146E-06   1.46077878E-07
     3.62000000E+01   1.56256044E-08   2.70495984E-06   1.08556737E-06   1.40759244E-07
     3.64000000E+01   1.40467331E-08   2.56316990E-06   1.03939189E-06   1.35629456E-07
     3.66000000E+01   1.26175630E-08   2.43108838E-06   9.95493314E-07   1.30677158E-07
     3.68000000E+01   1.13249814E-08   2.30773300E-06   9.53685573E-07   1.25892348E-07
     3.70000000E+01   1.01569114E-08   2.19224332E-06   9.13805020E-07   1.21266197E-07
     3.72000000E+01   9.10224088E-09   2.08386539E-06   8.75707588E-07   1.16790900E-07
     3.74000000E+01   8.15075589E-09   1.98193817E-06   8.39266283E-07   1.12459536E-07
     3.76000000E+01   7.29307695E-09   1.88588163E-06   8.04368980E-07   1.08265948E-07
     3.78000000E+01   6.52060056E-09   1.79518630E-06   7.70916492E-07   1.04204639E-07
     3.80000000E+01   5.82544216E-09   1.70940413E-06   7.38820863E-07   1.00270675E-07
     3.82000000E+01   5.20038350E-09   1.62814046E-06   7.08003886E-07   9.64596091E-08
     3.84000000E+01   4.63882286E-09   1.55104702E-06   6.78395801E-07   9.27674099E-08
     3.86000000E+01   4.13472848E-09   1.47781582E-06   6.49934156E-07   8.91903972E-08
     3.88000000E+01   3.68259478E-09   1.40817383E-06   6.22562822E-07   8.57251921E-08
     3.90000000E+01   3.27740143E-09   1.34187835E-06   5.96231130E-07   8.23686695E-08
     3.92000000E+01   2.91457515E-09   1.27871296E-06   5.70893126E-07   7.91179188E-08
     3.94000000E+01   2.58995398E-09   1.21848403E-06   5.46506921E-07   7.59702095E-08
     3.96000000E+01   2.29975402E-09   1.16101770E-06   5.23034136E-07   7.29229624E-08
     3.98000000E+01   2.04053845E-09   1.10615724E-06   5.00439415E-07   6.99737250E-08
     4.00000000E+01   1.80918877E-09   1.05376077E-06   4.78690010E-07   6.71201497E-08
     0.00000000E+00   1.00010001E+00   6.42019124E-16   3.76866198E-15   0.00000000E+00
     2.00000000E-01   9.82583883E-01   1.27071883E-02   3.73847195E-04   1.14933176E-05
     4.00000000E-01   9.65322179E-01   2.50881202E-02   7.85420002E-04   2.42385514E-05
     6.00000000E-01   9.48307584E-01   3.71464018E-02   1.23307178E-03   3.82742247E-05
     8.00000000E-01   9.31532853E-01   4.88854895E-02   1.71516554E-03   5.36341467E-05
     1.00000000E+00   9.14990825E-01   6.03086948E-02   2.23007362E-03   7.03474496E-05
     1.20000000E+00   8.98674427E-01   7.14191891E-02   2.77617741E-03   8.84386278E-05
     1.40000000E+00   8.82576685E-01   8.22200095E-02   3.35186711E-03   1.07927580E-04
     1.60000000E+00   8.66690732E-01   9.27140639E-02   3.95554157E-03   1.28829657E-04
     1.80000000E+00   8.51009818E-01   1.02904137E-01   4.58560826E-03   1.51155707E-04
     2.00000000E+00   8.35527325E-01   1.12792898E-01   5.24048317E-03   1.74912132E-04
     2.20000000E+00   8.20236769E-01   1.22382905E-01   5.91859095E-03   2.00100943E-04
     2.40000000E+00   8.05131821E-01   1.31676613E-01   6.61836496E-03   2.26719819E-04
     2.60000000E+00   7.90206310E-01   1.40676383E-01   7.33824747E-03   2.54762175E-04
     2.80000000E+00   7.75454240E-01   1.49384485E-01   8.07668996E-03   2.84217233E-04
     3.00000000E+00   7.60869801E-01   1.57803111E-01   8.83215343E-03   3.15070090E-04
     3.20000000E+00   7.46447380E-01   1.65934381E-01   9.60310878E-03   3.47301804E-04
     3.40000000E+00   7.32181570E-01   1.73780349E-01   1.03880373E-02   3.80889476E-04
     3.60000000E+00   7.18067187E-01   1.81343015E-01   1.11854313E-02   4.15806336E-04
     3.80000000E+00   7.04099279E-01   1.88624334E-01   1.19937946E-02   4.52021845E-04
     4.00000000E+00   6.90273136E-01   1.95626219E-01   1.28116431E-02   4.89501787E-04
     4.20000000E+00   6.76584301E-01   2.02350560E-01   1.36375058E-02   5.28208380E-04
     4.40000000E+00   6.63028581E-01   2.08799222E-01   1.44699255E-02   5.68100387E-04
     4.60000000E+00   6.49602058E-01   2.14974063E-01   1.53074597E-02   6.09133226E-04
     4.80000000E+00   6.36301095E-01   2.20876940E-01   1.61486812E-02   6.51259099E-04
     5.00000000E+00   6.23122345E-01   2.26509716E-01   1.69921796E-02   6.94427116E-04
     5.20000000E+00   6.10062760E-01   2.31874273E-01   1.78365620E-02   7.38583426E-04
     5.40000000E+00   5.97119596E-01   2.36972519E-01   1.86804539E-02   7.83671358E-04
     5.60000000E+00   5.84290418E-01   2.41806397E-01   1.95225010E-02   8.29631560E-04
     5.80000000E+00   5.71573105E-01   2.46377895E-01   2.03613696E-02   8.76402150E-04
     6.00000000E+00   5.58965853E-01   2.50689052E-01   2.11957481E-02   9.23918866E-04
     6.20000000E+00   5.46467177E-01   2.54741970E-01   2.20243485E-02   9.72115225E-04
     6.40000000E+00   5.34075910E-01   2.58538821E-01   2.28459070E-02   1.02092268E-03
     6.60000000E+00   5.21791207E-01   2.62081851E-01   2.36591861E-02   1.07027080E-03
     6.80000000E+00   5.09612536E-01   2.65373394E-01   2.44629750E-02   1.12008741E-03
     7.00000000E+00   4.97539680E-01   2.68415873E-01   2.52560915E-02   1.17029880E-03
     7.20000000E+00   4.85572731E-01   2.71211811E-01   2.60373832E-02   1.22082988E-03
     7.40000000E+00   4.73712081E-01   2.73763834E-01   2.68057286E-02   1.27160435E-03
     7.60000000E+00   4.61958418E-01   2.76074679E-01   2.75600384E-02   1.32254490E-03
     7.80000000E+00   4.50312716E-01   2.78147199E-01   2.82992569E-02   1.37357340E-03
     8.00000000E+00   4.38776223E-01   2.79984364E-01   2.90223634E-02   1.42461106E-03
     8.20000000E+00   4.27350450E-01   2.81589271E-01   2.97283728E-02   1.47557863E-03
     8.40000000E+00   4.16037159E-01   2.82965142E-01   3.04163376E-02   1.52639658E-03
     8.60000000E+00   4.04838349E-01   2.84115332E-01   3.10853483E-02   1.57698531E-03
     8.80000000E+00   3.93756237E-01   2.85043325E-01   3.17345351E-02   1.62726531E-03
     9.00000000E+00   3.82793246E-01   2.85752741E-01   3.23630687E-02   1.67715736E-03
     9.20000000E+00   3.71951986E-01   2.86247334E-01   3.29701612E-02   1.72658272E-03
     9.40000000E+00   3.61235233E-01   2.86530994E-01   3.35550671E-02   1.77546329E-03
     9.60000000E+00   3.50645913E-01   2.86607746E-01   3.41170844E-02   1.82372183E-03
     9.80000000E+00   3.40187081E-01   2.86481748E-01   3.46555552E-02   1.87128213E-03
     1.00000000E+01   3.29861899E-01   2.86157288E-01   3.51698664E-02   1.91806913E-03
     1.02000000E+01   3.19673618E-01   2.85638789E-01   3.56594504E-02   1.96400920E-03
     1.04000000E+01   3.09625552E-01   2.84930795E-01   3.61237859E-02   2.00903020E-03
     1.06000000E+01   2.99721061E-01   2.84037977E-01   3.65623981E-02   2.05306172E-03
     1.08000000E+01   2.89963526E-01   2.82965123E-01   3.69748590E-02   2.09603520E-03
     1.10000000E+01   2.80356328E-01   2.81717136E-01   3.73607883E-02   2.13788411E-03
     1.12000000E+01   2.70902826E-01   2.80299029E-01   3.77198529E-02   2.17854408E-03
     1.14000000E+01   2.61606338E-01   2.78715917E-01   3.80517675E-02   2.21795304E-03
     1.16000000E+01   2.52470115E-01   2.76973011E-01   3.83562946E-02   2.25605138E-03
     1.18000000E+01   2.43497326E-01   2.75075613E-01   3.86332439E-02   2.29278203E-03
     1.20000000E+01   2.34691034E-01   2.73029108E-01   3.88824731E-02   2.32809065E-03
     1.22000000E+01   2.26054179E-01   2.70838957E-01   3.91038866E-02   2.36192569E-03
     1.24000000E+01   2.17589559E-01   2.68510688E-01   3.92974359E-02   2.39423849E-03
     1.26000000E+01   2.09299813E-01   2.66049886E-01   3.94631187E-02   2.42498343E-03
     1.28000000E+01   2.01187402E-01   2.63462189E-01   3.96009784E-02   2.45411798E-03
     1.30000000E+01   1.93254600E-01   2.60753276E-01   3.97111038E-02   2.48160275E-03
     1.32000000E+01   1.85503473E-01   2.57928859E-01   3.97936278E-02   2.50740164E-03
     1.34000000E+01   1.77935872E-01   2.54994675E-01   3.98487269E-02   2.53148183E-03
     1.36000000E+01   1.70553416E-01   2.51956473E-01   3.98766202E-02   2.55381386E-03
     1.38000000E+01   1.63357488E-01   2.48820010E-01   3.98775684E-02   2.57437169E-03
     1.40000000E+01   1.56349222E-01   2.45591038E-01   3.98518726E-02   2.59313268E-03
     1.42000000E+01   1.49529497E-01   2.42275295E-01   3.97998733E-02   2.61007767E-03
     1.44000000E+01   1.42898933E-01   2.38878499E-01   3.97219488E-02   2.62519097E-03
     1.46000000E+01   1.36457885E-01   2.35406334E-01   3.96185142E-02   2.63846035E-03
     1.48000000E+01   1.30206439E-01   2.31864447E-01   3.94900201E-02   2.64987707E-03
     1.50000000E+01   1.24144415E-01   2.28258432E-01   3.93369505E-02   2.65943584E-03
     1.52000000E+01   1.18271363E-01   2.24593828E-01   3.91598221E-02   2.66713478E-03
     1.54000000E+01   1.12586565E-01   2.20876108E-01   3.89591821E-02   2.67297545E-03
     1.56000000E+01   1.07089041E-01   2.17110670E-01   3.87356069E-02   2.67696274E-03
     1.58000000E+01   1.01777549E-01   2.13302831E-01   3.84897003E-02   2.67910486E-03
     1.60000000E+01   9.66505927E-02   2.09457818E-01   3.82220920E-02   2.67941328E-03
     1.62000000E+01   9.17064287E-02   2.05580763E-01   3.79334354E-02   2.67790263E-03
     1.64000000E+01   8.69430718E-02   2.01676694E-01   3.76244064E-02   2.67459068E-03
     1.66000000E+01   8.23583054E-02   1.97750530E-01   3.72957013E-02   2.66949821E-03
     1.68000000E+01   7.79496904E-02   1.93807075E-01   3.69480351E-02   2.66264897E-03
     1.70000000E+01   7.37145762E-02   1.89851012E-01   3.65821394E-02   2.65406953E-03
     1.72000000E+01   6.96501112E-02   1.85886899E-01   3.61987613E-02   2.64378922E-03
     1.74000000E+01   6.57532554E-02   1.81919162E-01   3.57986606E-02   2.63184002E-03
     1.76000000E+01   6.20207926E-02   1.77952094E-01   3.53826089E-02   2.61825642E-03
     1.78000000E+01   5.84493432E-02   1.73989849E-01   3.49513872E-02   2.60307533E-03
     1.80000000E+01   5.50353779E-02   1.70036440E-01   3.45057845E-02   2.58633596E-03
     1.82000000E+01   5.17752312E-02   1.66095733E-01   3.40465956E-02   2.56807965E-03
     1.84000000E+01   4.86651155E-02   1.62171449E-01   3.35746199E-02   2.54834982E-03
     1.86000000E+01   4.57011346E-02   1.58267159E-01   3.30906592E-02   2.52719175E-03
     1.88000000E+01   4.28792986E-02   1.54386285E-01   3.25955164E-02   2.50465252E-03
     1.90000000E+01   4.01955372E-02   1.50532096E-01   3.20899935E-02   2.48078080E-03
     1.92000000E+01   3.76457137E-02   1.46707707E-01   3.15748903E-02   2.45562678E-03
     1.94000000E+01   3.52256392E-02   1.42916083E-01   3.10510029E-02   2.42924199E-03
     1.96000000E+01   3.29310853E-02   1.39160033E-01   3.05191217E-02   2.40167916E-03
     1.98000000E+01   3.07577979E-02   1.35442217E-01   2.99800306E-02   2.37299210E-03
     2.00000000E+01   2.87015092E-02   1.31765139E-01   2.94345050E-02   2.34323552E-03
     2.02000000E+01   2.67579507E-02   1.28131156E-01   2.88833110E-02   2.31246492E-03
     2.04000000E+01   2.49228642E-02   1.24542473E-01   2.83272036E-02   2.28073646E-03
     2.06000000E+01   2.31920135E-02   1.21001150E-01   2.77669260E-02   2.24810679E-03
     2.08000000E+01   2.15611949E-02   1.17509099E-01   2.72032079E-02   2.21463291E-03
     2.10000000E+01   2.00262473E-02   1.14068090E-01   2.66367649E-02   2.18037208E-03
     2.12000000E+01   1.85830615E-02   1.10679751E-01   2.60682972E-02   2.14538164E-03
     2.14000000E+01   1.72275888E-02   1.07345573E-01   2.54984884E-02   2.10971892E-03
     2.16000000E+01   1.59558494E-02   1.04066911E-01   2.49280054E-02   2.07344106E-03
     2.18000000E+01   1.47639396E-02   1.00844987E-01   2.43574966E-02   2.03660495E-03
     2.20000000E+01   1.36480384E-02   9.76808953E-02   2.37875918E-02   1.99926707E-03
     2.22000000E+01   1.26044138E-02   9.45756053E-02   2.32189013E-02   1.96148339E-03
     2.24000000E+01   1.16294280E-02   9.15299631E-02   2.26520153E-02   1.92330927E-03
     2.26000000E+01   1.07195420E-02   8.85446974E-02   2.20875032E-02   1.88479931E-03
     2.28000000E+01   9.87131969E-03   8.56204222E-02   2.15259135E-02   1.84600731E-03
     2.30000000E+01   9.08143136E-03   8.27576411E-02   2.09677727E-02   1.80698614E-03
     2.32000000E+01   8.34665633E-03   7.99567509E-02   2.04135859E-02   1.76778764E-03
     2.34000000E+01   7.66388518E-03   7.72180462E-02   1.98638354E-02   1.72846256E-03
     2.36000000E+01   7.03012135E-03   7.45417226E-02   1.93189816E-02   1.68906046E-03
     2.38000000E+01   6.44248219E-03   7.19278815E-02   1.87794618E-02   1.64962967E-03
     2.40000000E+01   5.89819955E-03   6.93765339E-02   1.82456909E-02   1.61021715E-03
     2.42000000E+01   5.39461980E-03   6.68876041E-02   1.77180608E-02   1.57086851E-03
     2.44000000E+01   4.92920349E-03   6.44609344E-02   1.71969408E-02   1.53162789E-03
     2.46000000E+01   4.49952449E-03   6.20962888E-02   1.66826773E-02   1.49253795E-03
     2.48000000E+01   4.10326886E-03   5.97933571E-02   1.61755942E-02   1.45363978E-03
     2.50000000E+01   3.73823326E-03   5.75517588E-02   1.56759931E-02   1.41497290E-03
     2.52000000E+01   3.40232309E-03   5.53710470E-02   1.51841531E-02   1.37657521E-03
     2.54000000E+01   3.09355036E-03   5.32507124E-02   1.47003314E-02   1.33848294E-03
     2.56000000E+01   2.81003124E-03   5.11901870E-02   1.42247637E-02   1.30073066E-03
     2.58000000E+01   2.54998344E-03   4.91888480E-02   1.37576641E-02   1.26335124E-03
     2.60000000E+01   2.31172338E-03   4.72460211E-02   1.32992260E-02   1.22637584E-03
     2.62000000E+01   2.09366319E-03   4.53609845E-02   1.28496221E-02   1.18983387E-03
     2.64000000E+01   1.89430754E-03   4.35329722E-02   1.24090049E-02   1.15375307E-03
     2.66000000E+01   1.71225045E-03   4.17611774E-02   1.19775076E-02   1.11815940E-03
     2.68000000E+01   1.54617189E-03   4.00447557E-02   1.15552439E-02   1.08307715E-03
     2.70000000E+01   1.39483441E-03   3.83828286E-02   1.11423091E-02   1.04852885E-03
     2.72000000E+01   1.25707973E-03   3.67744866E-02   1.07387805E-02   1.01453537E-03
     2.74000000E+01   1.13182522E-03   3.52187919E-02   1.03447179E-02   9.81115880E-04
     2.76000000E+01   1.01806047E-03   3.37147817E-02   9.96016410E-03   9.48287903E-04
     2.78000000E+01   9.14843878E-04   3.22614707E-02   9.58514573E-03   9.16067318E-04
     2.80000000E+01   8.21299176E-04   3.08578542E-02   9.21967377E-03   8.84468402E-04
     2.82000000E+01   7.36612112E-04   2.95029103E-02   8.86374416E-03   8.53503855E-04
     2.84000000E+01   6.60027130E-04   2.81956030E-02   8.51733847E-03   8.23184837E-04
     2.86000000E+01   5.90844138E-04   2.69348838E-02   8.18042453E-03   7.93521002E-04
     2.88000000E+01   5.28415351E-04   2.57196948E-02   7.85295709E-03   7.64520538E-04
     2.90000000E+01   4.72142227E-04   2.45489704E-02   7.53487847E-03   7.36190212E-04
     2.92000000E+01   4.21472500E-04   2.34216397E-02   7.22611924E-03   7.08535407E-04
     2.94000000E+01   3.75897308E-04   2.23366285E-02   6.92659883E-03   6.81560174E-04
     2.96000000E+01   3.34948432E-04   2.12928608E-02   6.63622621E-03   6.55267274E-04
     2.98000000E+01   2.98195644E-04   2.02892613E-02   6.35490055E-03   6.29658229E-04
     3.00000000E+01   2.65244168E-04   1.93247566E-02   6.08251183E-03   6.04733370E-04
     3.02000000E+01   2.35732250E-04   1.83982771E-02   5.81894149E-03   5.80491888E-04
     3.04000000E+01   2.09328851E-04   1.75087582E-02   5.56406306E-03   5.56931888E-04
     3.06000000E+01   1.85731445E-04   1.66551422E-02   5.31774277E-03   5.34050434E-04
     3.08000000E+01   1.64663940E-04   1.58363794E-02   5.07984014E-03   5.11843608E-04
     3.10000000E+01   1.45874703E-04   1.50514294E-02   4.85020860E-03   4.90306562E-04
     3.12000000E+01   1.29134703E-04   1.42992623E-02   4.62869602E-03   4.69433565E-04
     3.14000000E+01   1.14235754E-04   1.35788598E-02   4.41514535E-03   4.49218061E-04
     3.16000000E+01   1.00988877E-04   1.28892162E-02   4.20939508E-03   4.29652718E-04
     3.18000000E+01   8.92227477E-05   1.22293394E-02   4.01127983E-03   4.10729483E-04
     3.20000000E+01   7.87822540E-05   1.15982519E-02   3.82063084E-03   3.92439629E-04
     3.22000000E+01   6.95271482E-05   1.09949912E-02   3.63727646E-03   3.74773809E-04
     3.24000000E+01   6.13307864E-05   1.04186109E-02   3.46104268E-03   3.57722103E-04
     3.26000000E+01   5.40789593E-05   9.86818123E-03   3.29175352E-03   3.41274069E-04
     3.28000000E+01   4.76688048E-05   9.34278974E-03   3.12923150E-03   3.25418792E-04
     3.30000000E+01   4.20078007E-05   8.84154161E-03   2.97329809E-03   3.10144923E-04
     3.32000000E+01   3.70128330E-05   8.36356032E-03   2.82377408E-03   2.95440737E-04
     3.34000000E+01   3.26093350E-05   7.90798798E-03   2.68047997E-03   2.81294164E-04
     3.36000000E+01   2.87304948E-05   7.47398568E-03   2.54323635E-03   2.67692841E-04
     3.38000000E+01   2.53165247E-05   7.06073381E-03   2.41186423E-03   2.54624150E-04
     3.40000000E+01   2.23139914E-05   6.66743227E-03   2.28618537E-03   2.42075258E-04
     3.42000000E+01   1.96752011E-05   6.29330071E-03   2.16602260E-03   2.30033155E-04
     3.44000000E+01   1.73576370E-05   5.93757865E-03   2.05120007E-03   2.18484692E-04
     3.46000000E+01   1.53234452E-05   5.59952557E-03   1.94154358E-03   2.07416616E-04
     3.48000000E+01   1.35389656E-05   5.27842100E-03   1.83688077E-03   1.96815601E-04
     3.50000000E+01   1.19743049E-05   4.97356450E-03   1.73704140E-03   1.86668286E-04
     3.52000000E+01   1.06029478E-05   4.68427568E-03   1.64185753E-03   1.76961297E-04
     3.54000000E+01   9.40140525E-06   4.40989409E-03   1.55116372E-03   1.67681284E-04
     3.56000000E+01   8.34889398E-06   4.14977920E-03   1.46479725E-03   1.58814943E-04
     3.58000000E+01   7.42704795E-06   3.90331018E-03   1.38259823E-03   1.50349043E-04
     3.60000000E+01   6.61965692E-06   3.66988585E-03   1.30440978E-03   1.42270449E-04
     3.62000000E+01   5.91243082E-06   3.44892438E-03   1.23007815E-03   1.34566145E-04
     3.64000000E+01   5.29278755E-06   3.23986321E-03   1.15945284E-03   1.27223255E-04
     3.66000000E+01   4.74966217E-06   3.04215868E-03   1.09238669E-03   1.20229062E-04
     3.68000000E+01   4.27333553E-06   2.85528589E-03   1.02873599E-03   1.13571025E-04
     3.70000000E+01   3.85528066E-06   2.67873835E-03   9.68360549E-04   1.07236793E-04
     3.72000000E+01   3.48802533E-06   2.51202769E-03   9.11123739E-04   1.01214227E-04
     3.74000000E+01   3.16502914E-06   2.35468338E-03   8.56892561E-04   9.54914023E-05
     3.76000000E+01   2.88057383E-06   2.20625238E-03   8.05537677E-04   9.00566312E-05
     3.78000000E+01   2.62966560E-06   2.06629879E-03   7.56933440E-04   8.48984662E-05
     3.80000000E+01   2.40794812E-06   1.93440348E-03   7.10957909E-04   8.00057124E-05
     3.82000000E+01   2.21162530E-06   1.81016376E-03   6.67492853E-04   7.53674351E-05
     3.84000000E+01   2.03739271E-06   1.69319299E-03   6.26423752E-04   7.09729665E-05
     3.86000000E+01   1.88237692E-06   1.58312018E-03   5.87639784E-04   6.68119116E-05
     3.88000000E+01   1.74408172E-06   1.47958960E-03   5.51033805E-04   6.28741531E-05
     3.90000000E+01   1.62034074E-06   1.38226041E-03   5.16502323E-04   5.91498548E-05
     3.92000000E+01   1.50927554E-06   1.29080624E-03   4.83945463E-04   5.56294648E-05
     3.94000000E+01   1.40925878E-06   1.20491476E-03   4.53266930E-04   5.23037167E-05
     3.96000000E+01   1.31888179E-06   1.12428733E-03   4.24373955E-04   4.91636312E-05
     3.98000000E+01   1.23692610E-06   1.04863855E-03   3.97177251E-04   4.62005159E-05
     4.00000000E+01   1.16233846E-06   9.77695867E-04   3.71590953E-04   4.34059652E-05
